Colors

usb.src == "host" && usb.transfer_type !="URB_INTERRUPT"

#################### BREATHING #################### 
(SYNC) 
Frame - 
0000   1c 00 90 d6 88 48 03 9a ff ff 00 00 00 00 1b 00
0010   00 04 00 01 00 00 02 0f 00 00 00 00 21 09 10 02
0020   01 00 07 00 10 ff 0d 2e 01 00 00

USB - 
0000   09 10 02 01 00 07 00 10 ff 0d 2e 01 00 00

(RED #ff003e)
Frame - 
0000   1c 00 90 e9 a4 48 03 9a ff ff 00 00 00 00 1b 00
0010   00 04 00 01 00 00 02 1c 00 00 00 00 21 09 11 02
0020   01 00 14 00 11 ff 0e 3e 00 03 ff 00 3e 13 88 00
0030   64 00 00 00 00 00 00 00

USB - 
0000   09 11 02 01 00 14 00 11 ff 0e 3e 00 03 ff 00 3e
0010   13 88 00 64 00 00 00 00 00 00 00

(CYAN #00FFFF)
Frame - 
0000   1c 00 90 d6 88 48 03 9a ff ff 00 00 00 00 1b 00
0010   00 04 00 01 00 00 02 1c 00 00 00 00 21 09 11 02
0020   01 00 14 00 11 ff 0e 3e 00 03 00 ff ff 13 88 00
0030   64 00 00 00 00 00 00 00

USB - 
0000   09 11 02 01 00 14 00 11 ff 0e 3e 00 03 00 ff ff
0010   13 88 00 64 00 00 00 00 00 00 00

#################### CYCLE #################### 
(SYNC)
Frame -
0000   1c 00 10 b0 64 40 03 9a ff ff 00 00 00 00 1b 00
0010   00 04 00 01 00 00 02 0f 00 00 00 00 21 09 10 02
0020   01 00 07 00 10 ff 0d 2e 01 00 00

USB - 
0000   09 10 02 01 00 07 00 10 ff 0d 2e 01 00 00

Frame -
0000   1c 00 00 c7 71 40 03 9a ff ff 00 00 00 00 1b 00
0010   00 04 00 01 00 00 02 1c 00 00 00 00 21 09 11 02
0020   01 00 14 00 11 ff 0e 3e 00 02 00 00 00 00 00 13
0030   88 64 00 00 00 00 00 00

USB - 
0000   09 11 02 01 00 14 00 11 ff 0e 3e 00 02 00 00 00
0010   00 00 13 88 64 00 00 00 00 00 00

#################### OFF #################### 
(SYNC)
Frame - 
0000   1c 00 a0 56 1a 47 03 9a ff ff 00 00 00 00 1b 00
0010   00 04 00 01 00 00 02 0f 00 00 00 00 21 09 10 02
0020   01 00 07 00 10 ff 0d 2e 01 00 00

USB - 
0000   09 10 02 01 00 07 00 10 ff 0d 2e 01 00 00

Frame - 
0000   1c 00 00 29 13 40 03 9a ff ff 00 00 00 00 1b 00
0010   00 04 00 01 00 00 02 1c 00 00 00 00 21 09 11 02
0020   01 00 14 00 11 ff 0e 3e 00 00 00 00 00 00 00 00
0030   00 00 00 00 00 00 00 00

USB -
0000   09 11 02 01 00 14 00 11 ff 0e 3e 00 00 00 00 00
0010   00 00 00 00 00 00 00 00 00 00 00

#################### FIXED #################### 
(SYNC)
Frame - 
0000   1c 00 80 79 1e 49 03 9a ff ff 00 00 00 00 1b 00
0010   00 04 00 01 00 00 02 0f 00 00 00 00 21 09 10 02
0020   01 00 07 00 10 ff 0d 2e 01 00 00

USB -
0000   09 10 02 01 00 07 00 10 ff 0d 2e 01 00 00

Frame - 
0000   1c 00 90 79 e9 49 03 9a ff ff 00 00 00 00 1b 00
0010   00 04 00 01 00 00 02 0f 00 00 00 00 21 09 10 02
0020   01 00 07 00 10 ff 0d 2e 01 00 00

USB - 
0000   09 10 02 01 00 07 00 10 ff 0d 2e 01 00 00

Frame - 
0000   1c 00 10 65 5c 48 03 9a ff ff 00 00 00 00 1b 00
0010   00 04 00 01 00 00 02 0f 00 00 00 00 21 09 10 02
0020   01 00 07 00 10 ff 0d 2e 01 00 00

USB -
0000   09 10 02 01 00 07 00 10 ff 0d 2e 01 00 00

Frame - 
0000   1c 00 10 e0 52 47 03 9a ff ff 00 00 00 00 1b 00
0010   00 04 00 01 00 00 02 0f 00 00 00 00 21 09 10 02
0020   01 00 07 00 10 ff 0d 2e 01 00 00

USB - 
0000   09 10 02 01 00 07 00 10 ff 0d 2e 01 00 00

(CYAN #00FFFF)
Frame - 
0000   1c 00 80 79 1e 49 03 9a ff ff 00 00 00 00 1b 00
0010   00 04 00 01 00 00 02 1c 00 00 00 00 21 09 11 02
0020   01 00 14 00 11 ff 0e 3e 00 01 00 ff ff 02 00 00
0030   00 00 00 00 00 00 00 00

USB - 
0000   09 11 02 01 00 14 00 11 ff 0e 3e 00 01 00 ff ff
0010   02 00 00 00 00 00 00 00 00 00 00

(RED #FF003E)
Frame - 
0000   1c 00 e0 66 40 40 03 9a ff ff 00 00 00 00 1b 00
0010   00 04 00 01 00 00 02 1c 00 00 00 00 21 09 11 02
0020   01 00 14 00 11 ff 0e 3e 00 01 ff 00 3e 02 00 00
0030   00 00 00 00 00 00 00 00

USB -
0000   09 11 02 01 00 14 00 11 ff 0e 3e 00 01 ff 00 3e
0010   02 00 00 00 00 00 00 00 00 00 00

(PURPLE #8D40FF)
Frame - 
0000   1c 00 e0 66 40 40 03 9a ff ff 00 00 00 00 1b 00
0010   00 04 00 01 00 00 02 1c 00 00 00 00 21 09 11 02
0020   01 00 14 00 11 ff 0e 3e 00 01 8d 40 ff 02 00 00
0030   00 00 00 00 00 00 00 00

USB - 
0000   09 11 02 01 00 14 00 11 ff 0e 3e 00 01 8d 40 ff
0010   02 00 00 00 00 00 00 00 00 00 00

(ORANGE #FD7600)
Frame -
0000   1c 00 e0 66 40 40 03 9a ff ff 00 00 00 00 1b 00
0010   00 04 00 01 00 00 02 1c 00 00 00 00 21 09 11 02
0020   01 00 14 00 11 ff 0e 3e 00 01 fd 76 00 02 00 00
0030   00 00 00 00 00 00 00 00

USB -
0000   09 11 02 01 00 14 00 11 ff 0e 3e 00 01 fd 76 00
0010   02 00 00 00 00 00 00 00 00 00 00

(GREEN #00FD6F)
Frame -
0000   1c 00 e0 d5 74 48 03 9a ff ff 00 00 00 00 1b 00
0010   00 04 00 01 00 00 02 1c 00 00 00 00 21 09 11 02
0020   01 00 14 00 11 ff 0e 3e 00 01 00 fd 6f 02 00 00
0030   00 00 00 00 00 00 00 00

USB -
0000   09 11 02 01 00 14 00 11 ff 0e 3e 00 01 00 fd 6f
0010   02 00 00 00 00 00 00 00 00 00 00



#################### DPI #################### 

(2050 - #802)
0000   1c 00 10 90 0e 49 03 9a ff ff 00 00 00 00 1b 00
0010   00 04 00 01 00 00 02 0f 00 00 00 00 21 09 10 02
0020   01 00 07 00 10 ff 0a 3e 00 08 02

0000   09 10 02 01 00 07 00 10 ff 0a 3e 00 08 02

(SYNC)
0000   1c 00 20 36 d8 49 03 9a ff ff 00 00 00 00 1b 00
0010   00 04 00 01 00 00 02 0f 00 00 00 00 21 09 10 02
0020   01 00 07 00 10 ff 0d 2e 01 00 00

0000   09 10 02 01 00 07 00 10 ff 0d 2e 01 00 00

(2400 - #960)
0000   1c 00 a0 99 8d 44 03 9a ff ff 00 00 00 00 1b 00
0010   00 04 00 01 00 00 02 0f 00 00 00 00 21 09 10 02
0020   01 00 07 00 10 ff 0a 3e 00 09 60

(same as abv - 2400)
0000   1c 00 00 72 a8 45 03 9a ff ff 00 00 00 00 1b 00
0010   00 04 00 01 00 00 02 0f 00 00 00 00 21 09 10 02
0020   01 00 07 00 10 ff 0a 3e 00 09 60

0000   09 10 02 01 00 07 00 10 ff 0a 3e 00 09 60

(2950)
0000   1c 00 90 09 5c 48 03 9a ff ff 00 00 00 00 1b 00
0010   00 04 00 01 00 00 02 0f 00 00 00 00 21 09 10 02
0020   01 00 07 00 10 ff 0a 3e 00 0b 86

0000   09 10 02 01 00 07 00 10 ff 0a 3e 00 0b 86

(SYNC)
0000   1c 00 10 90 0e 49 03 9a ff ff 00 00 00 00 1b 00
0010   00 04 00 01 00 00 02 0f 00 00 00 00 21 09 10 02
0020   01 00 07 00 10 ff 0d 2e 01 00 00

0000   09 10 02 01 00 07 00 10 ff 0d 2e 01 00 00

(3250 (second config))
0000   1c 00 90 09 5c 48 03 9a ff ff 00 00 00 00 1b 00
0010   00 04 00 01 00 00 02 0f 00 00 00 00 21 09 10 02
0020   01 00 07 00 10 ff 0a 3e 00 0c b2

0000   09 10 02 01 00 07 00 10 ff 0a 3e 00 0c b2
(SYNC)
0000   1c 00 90 09 5c 48 03 9a ff ff 00 00 00 00 1b 00
0010   00 04 00 01 00 00 02 0f 00 00 00 00 21 09 10 02
0020   01 00 07 00 10 ff 0d 2e 01 00 00

0000   09 10 02 01 00 07 00 10 ff 0d 2e 01 00 00

(3150 (second config))
0000   1c 00 10 40 1f 40 03 9a ff ff 00 00 00 00 1b 00
0010   00 04 00 01 00 00 02 0f 00 00 00 00 21 09 10 02
0020   01 00 07 00 10 ff 0a 3e 00 0c 4e

0000   09 10 02 01 00 07 00 10 ff 0a 3e 00 0c 4e

(SYNC)
0000   1c 00 10 90 6f 48 03 9a ff ff 00 00 00 00 1b 00
0010   00 04 00 01 00 00 02 0f 00 00 00 00 21 09 10 02
0020   01 00 07 00 10 ff 0d 2e 01 00 00

0000   09 10 02 01 00 07 00 10 ff 0d 2e 01 00 00
